%time,field.linear.x,field.linear.y,field.linear.z,field.angular.x,field.angular.y,field.angular.z
1695954285940806014,0.5,0.0,0.0,0.0,0.0,0.2
1695954286040894429,0.5,0.0,0.0,0.0,0.0,0.2
1695954286140684412,0.5,0.0,0.0,0.0,0.0,0.2
1695954286240710015,0.5,0.0,0.0,0.0,0.0,0.2
1695954286340712003,0.5,0.0,0.0,0.0,0.0,0.2
1695954286440717876,0.5,0.0,0.0,0.0,0.0,0.2
1695954286540997973,0.5,0.0,0.0,0.0,0.0,0.2
1695954286640769124,0.5,0.0,0.0,0.0,0.0,0.2
1695954286741519526,0.5,0.0,0.0,0.0,0.0,0.2
1695954286840704334,0.5,0.0,0.0,0.0,0.0,0.2
1695954286940919883,0.5,0.0,0.0,0.0,0.0,0.2
1695954287040800842,0.5,0.0,0.0,0.0,0.0,0.2
1695954287140786701,0.5,0.0,0.0,0.0,0.0,0.2
1695954287240717486,0.5,0.0,0.0,0.0,0.0,0.2
1695954287340701007,0.5,0.0,0.0,0.0,0.0,0.2
1695954287440712654,0.5,0.0,0.0,0.0,0.0,0.2
1695954287540744636,0.5,0.0,0.0,0.0,0.0,0.2
1695954287640691355,0.5,0.0,0.0,0.0,0.0,0.2
1695954287740742151,0.5,0.0,0.0,0.0,0.0,0.2
1695954287840775686,0.5,0.0,0.0,0.0,0.0,0.2
1695954287940739025,0.5,0.0,0.0,0.0,0.0,0.2
1695954288040766013,0.5,0.0,0.0,0.0,0.0,0.2
1695954288140923756,0.5,0.0,0.0,0.0,0.0,0.2
1695954288240784449,0.5,0.0,0.0,0.0,0.0,0.2
1695954288340918226,0.5,0.0,0.0,0.0,0.0,0.2
1695954288441576394,0.5,0.0,0.0,0.0,0.0,0.2
1695954288540742737,0.5,0.0,0.0,0.0,0.0,0.2
1695954288640654502,0.5,0.0,0.0,0.0,0.0,0.2
1695954288740690795,0.5,0.0,0.0,0.0,0.0,0.2
1695954288840743467,0.5,0.0,0.0,0.0,0.0,0.2
1695954288940998138,0.5,0.0,0.0,0.0,0.0,0.2
1695954289040678523,0.5,0.0,0.0,0.0,0.0,0.2
1695954289140707388,0.5,0.0,0.0,0.0,0.0,0.2
1695954289240670084,0.5,0.0,0.0,0.0,0.0,0.2
1695954289340659514,0.5,0.0,0.0,0.0,0.0,0.2
1695954289440944089,0.5,0.0,0.0,0.0,0.0,0.2
1695954289540678578,0.5,0.0,0.0,0.0,0.0,0.2
1695954289640746446,0.5,0.0,0.0,0.0,0.0,0.2
1695954289740794899,0.5,0.0,0.0,0.0,0.0,0.2
1695954289840766173,0.5,0.0,0.0,0.0,0.0,0.2
1695954289941010058,0.5,0.0,0.0,0.0,0.0,0.2
1695954290040685981,0.5,0.0,0.0,0.0,0.0,0.2
1695954290140750206,0.5,0.0,0.0,0.0,0.0,0.2
1695954290241002367,0.5,0.0,0.0,0.0,0.0,0.2
1695954290340724448,0.5,0.0,0.0,0.0,0.0,0.2
1695954290441027481,0.5,0.0,0.0,0.0,0.0,0.2
1695954290540713871,0.5,0.0,0.0,0.0,0.0,0.2
1695954290640986136,0.5,0.0,0.0,0.0,0.0,0.2
1695954290740669974,0.5,0.0,0.0,0.0,0.0,0.2
1695954290840660251,0.5,0.0,0.0,0.0,0.0,0.2
1695954290940734108,0.5,0.0,0.0,0.0,0.0,0.2
1695954291040750266,0.5,0.0,0.0,0.0,0.0,0.2
1695954291140744078,0.5,0.0,0.0,0.0,0.0,0.2
1695954291240750472,0.5,0.0,0.0,0.0,0.0,0.2
1695954291341021797,0.5,0.0,0.0,0.0,0.0,0.2
1695954291440671186,0.5,0.0,0.0,0.0,0.0,0.2
1695954291540966545,0.5,0.0,0.0,0.0,0.0,0.2
1695954291640718846,0.5,0.0,0.0,0.0,0.0,0.2
1695954291740885944,0.5,0.0,0.0,0.0,0.0,0.2
1695954291840736421,0.5,0.0,0.0,0.0,0.0,0.2
1695954291940744062,0.5,0.0,0.0,0.0,0.0,0.2
1695954292040781874,0.5,0.0,0.0,0.0,0.0,0.2
1695954292140837999,0.5,0.0,0.0,0.0,0.0,0.2
1695954292240923121,0.5,0.0,0.0,0.0,0.0,0.2
1695954292340725937,0.5,0.0,0.0,0.0,0.0,0.2
1695954292440821527,0.5,0.0,0.0,0.0,0.0,0.2
1695954292541019216,0.5,0.0,0.0,0.0,0.0,0.2
1695954292640767530,0.5,0.0,0.0,0.0,0.0,0.2
1695954292740770842,0.5,0.0,0.0,0.0,0.0,0.2
1695954292840882680,0.5,0.0,0.0,0.0,0.0,0.2
1695954292940926522,0.5,0.0,0.0,0.0,0.0,0.2
1695954293040749425,0.5,0.0,0.0,0.0,0.0,0.2
1695954293140906482,0.5,0.0,0.0,0.0,0.0,0.2
1695954293240763338,0.5,0.0,0.0,0.0,0.0,0.2
1695954293340987238,0.5,0.0,0.0,0.0,0.0,0.2
1695954293440737169,0.5,0.0,0.0,0.0,0.0,0.2
1695954293540920739,0.5,0.0,0.0,0.0,0.0,0.2
1695954293640759243,0.5,0.0,0.0,0.0,0.0,0.2
1695954293740998935,0.5,0.0,0.0,0.0,0.0,0.2
1695954293840778955,0.5,0.0,0.0,0.0,0.0,0.2
1695954293940708420,0.5,0.0,0.0,0.0,0.0,0.2
1695954294040989013,0.5,0.0,0.0,0.0,0.0,0.2
1695954294140988211,0.5,0.0,0.0,0.0,0.0,0.2
1695954294240745808,0.5,0.0,0.0,0.0,0.0,0.2
1695954294340739541,0.5,0.0,0.0,0.0,0.0,0.2
1695954294440746867,0.5,0.0,0.0,0.0,0.0,0.2
1695954294540928974,0.5,0.0,0.0,0.0,0.0,0.2
1695954294641131681,0.5,0.0,0.0,0.0,0.0,0.2
1695954294740968184,0.5,0.0,0.0,0.0,0.0,0.2
1695954294840722445,0.5,0.0,0.0,0.0,0.0,0.2
1695954294941158113,0.5,0.0,0.0,0.0,0.0,0.2
1695954295040667416,0.5,0.0,0.0,0.0,0.0,0.2
1695954295140674270,0.5,0.0,0.0,0.0,0.0,0.2
1695954295240766646,0.5,0.0,0.0,0.0,0.0,0.2
1695954295340946138,0.5,0.0,0.0,0.0,0.0,0.2
1695954295440667671,0.5,0.0,0.0,0.0,0.0,0.2
1695954295540920111,0.5,0.0,0.0,0.0,0.0,0.2
1695954295640730301,0.5,0.0,0.0,0.0,0.0,0.2
1695954295740646787,0.5,0.0,0.0,0.0,0.0,0.2
1695954295840960441,0.5,0.0,0.0,0.0,0.0,0.2
1695954295940796507,0.5,0.0,0.0,0.0,0.0,0.2
1695954296040733000,0.5,0.0,0.0,0.0,0.0,0.2
1695954296140976544,0.5,0.0,0.0,0.0,0.0,0.2
1695954296241865860,0.5,0.0,0.0,0.0,0.0,0.2
1695954296340750238,0.5,0.0,0.0,0.0,0.0,0.2
1695954296440775510,0.5,0.0,0.0,0.0,0.0,0.2
1695954296540858975,0.5,0.0,0.0,0.0,0.0,0.2
1695954296640728465,0.5,0.0,0.0,0.0,0.0,0.2
1695954296740943990,0.5,0.0,0.0,0.0,0.0,0.2
1695954296840750981,0.5,0.0,0.0,0.0,0.0,0.2
1695954296940721590,0.5,0.0,0.0,0.0,0.0,0.2
1695954297040932341,0.5,0.0,0.0,0.0,0.0,0.2
1695954297140717953,0.5,0.0,0.0,0.0,0.0,0.2
1695954297240987171,0.5,0.0,0.0,0.0,0.0,0.2
1695954297340768192,0.5,0.0,0.0,0.0,0.0,0.2
1695954297440984251,0.5,0.0,0.0,0.0,0.0,0.2
1695954297540778910,0.5,0.0,0.0,0.0,0.0,0.2
1695954297640881711,0.5,0.0,0.0,0.0,0.0,0.2
1695954297740640353,0.5,0.0,0.0,0.0,0.0,0.2
1695954297840736806,0.5,0.0,0.0,0.0,0.0,0.2
1695954297940996078,0.5,0.0,0.0,0.0,0.0,0.2
1695954298040710110,0.5,0.0,0.0,0.0,0.0,0.2
1695954298140736728,0.5,0.0,0.0,0.0,0.0,0.2
1695954298240992004,0.5,0.0,0.0,0.0,0.0,0.2
1695954298341125652,0.5,0.0,0.0,0.0,0.0,0.2
1695954298440829291,0.5,0.0,0.0,0.0,0.0,0.2
1695954298540909369,0.5,0.0,0.0,0.0,0.0,0.2
1695954298640760713,0.5,0.0,0.0,0.0,0.0,0.2
1695954298740658651,0.5,0.0,0.0,0.0,0.0,0.2
1695954298840935353,0.5,0.0,0.0,0.0,0.0,0.2
1695954298940723831,0.5,0.0,0.0,0.0,0.0,0.2
1695954299041939269,0.5,0.0,0.0,0.0,0.0,0.2
1695954299140752865,0.5,0.0,0.0,0.0,0.0,0.2
1695954299241012310,0.5,0.0,0.0,0.0,0.0,0.2
1695954299340682364,0.5,0.0,0.0,0.0,0.0,0.2
1695954299440652563,0.5,0.0,0.0,0.0,0.0,0.2
1695954299540955781,0.5,0.0,0.0,0.0,0.0,0.2
1695954299640709150,0.5,0.0,0.0,0.0,0.0,0.2
1695954299740975487,0.5,0.0,0.0,0.0,0.0,0.2
1695954299840771842,0.5,0.0,0.0,0.0,0.0,0.2
1695954299940923274,0.5,0.0,0.0,0.0,0.0,0.2
1695954300040753168,0.5,0.0,0.0,0.0,0.0,0.2
1695954300140713075,0.5,0.0,0.0,0.0,0.0,0.2
1695954300240737289,0.5,0.0,0.0,0.0,0.0,0.2
1695954300340941474,0.5,0.0,0.0,0.0,0.0,0.2
1695954300440747735,0.5,0.0,0.0,0.0,0.0,0.2
1695954300541157659,0.5,0.0,0.0,0.0,0.0,0.2
1695954300640696784,0.5,0.0,0.0,0.0,0.0,0.2
1695954300740939101,0.5,0.0,0.0,0.0,0.0,0.2
1695954300840704358,0.5,0.0,0.0,0.0,0.0,0.2
1695954300940804022,0.5,0.0,0.0,0.0,0.0,0.2
1695954301040946395,0.5,0.0,0.0,0.0,0.0,0.2
1695954301140699345,0.5,0.0,0.0,0.0,0.0,0.2
1695954301240976181,0.5,0.0,0.0,0.0,0.0,0.2
1695954301340709158,0.5,0.0,0.0,0.0,0.0,0.2
1695954301440753460,0.5,0.0,0.0,0.0,0.0,0.2
1695954301540670533,0.5,0.0,0.0,0.0,0.0,0.2
1695954301640975305,0.5,0.0,0.0,0.0,0.0,0.2
1695954301740702750,0.5,0.0,0.0,0.0,0.0,0.2
1695954301840741340,0.5,0.0,0.0,0.0,0.0,0.2
1695954301940947612,0.5,0.0,0.0,0.0,0.0,0.2
1695954302040802634,0.5,0.0,0.0,0.0,0.0,0.2
1695954302140723259,0.5,0.0,0.0,0.0,0.0,0.2
1695954302240953805,0.5,0.0,0.0,0.0,0.0,0.2
1695954302340703022,0.5,0.0,0.0,0.0,0.0,0.2
1695954302440968520,0.5,0.0,0.0,0.0,0.0,0.2
1695954302540724947,0.5,0.0,0.0,0.0,0.0,0.2
1695954302641022621,0.5,0.0,0.0,0.0,0.0,0.2
1695954302740677354,0.5,0.0,0.0,0.0,0.0,0.2
1695954302840731264,0.5,0.0,0.0,0.0,0.0,0.2
1695954302940999918,0.5,0.0,0.0,0.0,0.0,0.2
1695954303040719626,0.5,0.0,0.0,0.0,0.0,0.2
1695954303140994581,0.5,0.0,0.0,0.0,0.0,0.2
1695954303240663374,0.5,0.0,0.0,0.0,0.0,0.2
1695954303340744137,0.5,0.0,0.0,0.0,0.0,0.2
1695954303440947871,0.5,0.0,0.0,0.0,0.0,0.2
1695954303540791656,0.5,0.0,0.0,0.0,0.0,0.2
1695954303640749597,0.5,0.0,0.0,0.0,0.0,0.2
1695954303741097394,0.5,0.0,0.0,0.0,0.0,0.2
1695954303840670719,0.5,0.0,0.0,0.0,0.0,0.2
1695954303940865203,0.5,0.0,0.0,0.0,0.0,0.2
1695954304040945462,0.5,0.0,0.0,0.0,0.0,0.2
1695954304140974253,0.5,0.0,0.0,0.0,0.0,0.2
1695954304240767777,0.5,0.0,0.0,0.0,0.0,0.2
1695954304340740948,0.5,0.0,0.0,0.0,0.0,0.2
1695954304440933861,0.5,0.0,0.0,0.0,0.0,0.2
1695954304540825009,0.5,0.0,0.0,0.0,0.0,0.2
1695954304640813441,0.5,0.0,0.0,0.0,0.0,0.2
1695954304740738850,0.5,0.0,0.0,0.0,0.0,0.2
1695954304840973996,0.5,0.0,0.0,0.0,0.0,0.2
1695954304940887113,0.5,0.0,0.0,0.0,0.0,0.2
1695954305040733137,0.5,0.0,0.0,0.0,0.0,0.2
1695954305140950122,0.5,0.0,0.0,0.0,0.0,0.2
1695954305240732418,0.5,0.0,0.0,0.0,0.0,0.2
1695954305340966459,0.5,0.0,0.0,0.0,0.0,0.2
1695954305440757910,0.5,0.0,0.0,0.0,0.0,0.2
1695954305540815404,0.5,0.0,0.0,0.0,0.0,0.2
1695954305640923069,0.5,0.0,0.0,0.0,0.0,0.2
1695954305740943297,0.5,0.0,0.0,0.0,0.0,0.2
1695954305840716007,0.5,0.0,0.0,0.0,0.0,0.2
1695954305940703270,0.5,0.0,0.0,0.0,0.0,0.2
1695954306040984800,0.5,0.0,0.0,0.0,0.0,0.2
1695954306140909765,0.5,0.0,0.0,0.0,0.0,0.2
1695954306241002014,0.5,0.0,0.0,0.0,0.0,0.2
1695954306340907571,0.5,0.0,0.0,0.0,0.0,0.2
1695954306440751086,0.5,0.0,0.0,0.0,0.0,0.2
1695954306540866918,0.5,0.0,0.0,0.0,0.0,0.2
1695954306640751071,0.5,0.0,0.0,0.0,0.0,0.2
1695954306740733636,0.5,0.0,0.0,0.0,0.0,0.2
1695954306840775127,0.5,0.0,0.0,0.0,0.0,0.2
1695954306940962899,0.5,0.0,0.0,0.0,0.0,0.2
1695954307040796554,0.5,0.0,0.0,0.0,0.0,0.2
1695954307140745064,0.5,0.0,0.0,0.0,0.0,0.2
1695954307240904180,0.5,0.0,0.0,0.0,0.0,0.2
1695954307340682628,0.5,0.0,0.0,0.0,0.0,0.2
1695954307440997230,0.5,0.0,0.0,0.0,0.0,0.2
1695954307540769849,0.5,0.0,0.0,0.0,0.0,0.2
1695954307640914134,0.5,0.0,0.0,0.0,0.0,0.2
1695954307740668476,0.5,0.0,0.0,0.0,0.0,0.2
1695954307840717448,0.5,0.0,0.0,0.0,0.0,0.2
1695954307940670343,0.5,0.0,0.0,0.0,0.0,0.2
1695954308040728955,0.5,0.0,0.0,0.0,0.0,0.2
1695954308140753564,0.5,0.0,0.0,0.0,0.0,0.2
1695954308240718648,0.5,0.0,0.0,0.0,0.0,0.2
1695954308340677947,0.5,0.0,0.0,0.0,0.0,0.2
1695954308440703598,0.5,0.0,0.0,0.0,0.0,0.2
1695954308540822040,0.5,0.0,0.0,0.0,0.0,0.2
1695954308640937471,0.5,0.0,0.0,0.0,0.0,0.2
1695954308740674067,0.5,0.0,0.0,0.0,0.0,0.2
1695954308840826649,0.5,0.0,0.0,0.0,0.0,0.2
1695954308940730548,0.5,0.0,0.0,0.0,0.0,0.2
1695954309040737940,0.5,0.0,0.0,0.0,0.0,0.2
1695954309140695597,0.5,0.0,0.0,0.0,0.0,0.2
1695954309240671489,0.5,0.0,0.0,0.0,0.0,0.2
1695954309340693799,0.5,0.0,0.0,0.0,0.0,0.2
1695954309440742217,0.5,0.0,0.0,0.0,0.0,0.2
1695954309540730659,0.5,0.0,0.0,0.0,0.0,0.2
1695954309641023571,0.5,0.0,0.0,0.0,0.0,0.2
1695954309740891619,0.5,0.0,0.0,0.0,0.0,0.2
1695954309840780518,0.5,0.0,0.0,0.0,0.0,0.2
1695954309940800613,0.5,0.0,0.0,0.0,0.0,0.2
1695954310040723786,0.5,0.0,0.0,0.0,0.0,0.2
1695954310140913131,0.5,0.0,0.0,0.0,0.0,0.2
1695954310240687911,0.5,0.0,0.0,0.0,0.0,0.2
1695954310341767245,0.5,0.0,0.0,0.0,0.0,0.2
1695954310440783488,0.5,0.0,0.0,0.0,0.0,0.2
1695954310540720769,0.5,0.0,0.0,0.0,0.0,0.2
1695954310640716292,0.5,0.0,0.0,0.0,0.0,0.2
1695954310740994237,0.5,0.0,0.0,0.0,0.0,0.2
1695954310840723400,0.5,0.0,0.0,0.0,0.0,0.2
1695954310940686212,0.5,0.0,0.0,0.0,0.0,0.2
1695954311040937999,0.5,0.0,0.0,0.0,0.0,0.2
1695954311140744521,0.5,0.0,0.0,0.0,0.0,0.2
1695954311240734565,0.5,0.0,0.0,0.0,0.0,0.2
1695954311340889101,0.5,0.0,0.0,0.0,0.0,0.2
1695954311440717154,0.5,0.0,0.0,0.0,0.0,0.2
1695954311541038198,0.5,0.0,0.0,0.0,0.0,0.2
1695954311640939553,0.5,0.0,0.0,0.0,0.0,0.2
1695954311740734730,0.5,0.0,0.0,0.0,0.0,0.2
1695954311840728684,0.5,0.0,0.0,0.0,0.0,0.2
1695954311940951602,0.5,0.0,0.0,0.0,0.0,0.2
1695954312040723004,0.5,0.0,0.0,0.0,0.0,0.2
1695954312140671671,0.5,0.0,0.0,0.0,0.0,0.2
1695954312240777549,0.5,0.0,0.0,0.0,0.0,0.2
1695954312340908319,0.5,0.0,0.0,0.0,0.0,0.2
1695954312440714959,0.5,0.0,0.0,0.0,0.0,0.2
1695954312540752617,0.5,0.0,0.0,0.0,0.0,0.2
1695954312640892946,0.5,0.0,0.0,0.0,0.0,0.2
1695954312740720068,0.5,0.0,0.0,0.0,0.0,0.2
1695954312840732119,0.5,0.0,0.0,0.0,0.0,0.2
1695954312940978874,0.5,0.0,0.0,0.0,0.0,0.2
1695954313040751635,0.5,0.0,0.0,0.0,0.0,0.2
1695954313140790972,0.5,0.0,0.0,0.0,0.0,0.2
1695954313240744940,0.5,0.0,0.0,0.0,0.0,0.2
1695954313340628387,0.5,0.0,0.0,0.0,0.0,0.2
1695954313440991536,0.5,0.0,0.0,0.0,0.0,0.2
1695954313540712805,0.5,0.0,0.0,0.0,0.0,0.2
1695954313640734062,0.5,0.0,0.0,0.0,0.0,0.2
1695954313740787221,0.5,0.0,0.0,0.0,0.0,0.2
1695954313840764515,0.5,0.0,0.0,0.0,0.0,0.2
1695954313940682216,0.5,0.0,0.0,0.0,0.0,0.2
1695954314040718732,0.5,0.0,0.0,0.0,0.0,0.2
1695954314140865314,0.5,0.0,0.0,0.0,0.0,0.2
1695954314240731296,0.5,0.0,0.0,0.0,0.0,0.2
1695954314340656084,0.5,0.0,0.0,0.0,0.0,0.2
1695954314440701606,0.5,0.0,0.0,0.0,0.0,0.2
1695954314540725318,0.5,0.0,0.0,0.0,0.0,0.2
1695954314640769566,0.5,0.0,0.0,0.0,0.0,0.2
1695954314740885188,0.5,0.0,0.0,0.0,0.0,0.2
1695954314840750306,0.5,0.0,0.0,0.0,0.0,0.2
1695954314940661593,0.5,0.0,0.0,0.0,0.0,0.2
1695954315040731997,0.5,0.0,0.0,0.0,0.0,0.2
1695954315140723078,0.5,0.0,0.0,0.0,0.0,0.2
1695954315240770971,0.5,0.0,0.0,0.0,0.0,0.2
1695954315341083131,0.5,0.0,0.0,0.0,0.0,0.2
1695954315440761590,0.5,0.0,0.0,0.0,0.0,0.2
1695954315540732866,0.5,0.0,0.0,0.0,0.0,0.2
1695954315640752667,0.5,0.0,0.0,0.0,0.0,0.2
1695954315740810750,0.5,0.0,0.0,0.0,0.0,0.2
1695954315841150970,0.5,0.0,0.0,0.0,0.0,0.2
1695954315940754106,0.5,0.0,0.0,0.0,0.0,0.2
1695954316040710847,0.5,0.0,0.0,0.0,0.0,0.2
1695954316140717388,0.5,0.0,0.0,0.0,0.0,0.2
1695954316240709247,0.5,0.0,0.0,0.0,0.0,0.2
1695954316340682604,0.5,0.0,0.0,0.0,0.0,0.2
1695954316440725997,0.5,0.0,0.0,0.0,0.0,0.2
1695954316540717322,0.5,0.0,0.0,0.0,0.0,0.2
1695954316640784430,0.5,0.0,0.0,0.0,0.0,0.2
1695954316740910008,0.5,0.0,0.0,0.0,0.0,0.2
1695954316840722314,0.5,0.0,0.0,0.0,0.0,0.2
1695954316940726571,0.5,0.0,0.0,0.0,0.0,0.2
1695954317040719903,0.5,0.0,0.0,0.0,0.0,0.2
1695954317140978193,0.5,0.0,0.0,0.0,0.0,0.2
1695954317240849490,0.5,0.0,0.0,0.0,0.0,0.2
1695954317340639680,0.5,0.0,0.0,0.0,0.0,0.2
1695954317440696474,0.5,0.0,0.0,0.0,0.0,0.2
1695954317540740870,0.5,0.0,0.0,0.0,0.0,0.2
1695954317640716905,0.5,0.0,0.0,0.0,0.0,0.2
1695954317740702041,0.5,0.0,0.0,0.0,0.0,0.2
1695954317840740896,0.5,0.0,0.0,0.0,0.0,0.2
1695954317940711697,0.5,0.0,0.0,0.0,0.0,0.2
1695954318040644504,0.5,0.0,0.0,0.0,0.0,0.2
1695954318140788888,0.5,0.0,0.0,0.0,0.0,0.2
1695954318240725829,0.5,0.0,0.0,0.0,0.0,0.2
1695954318340908039,0.5,0.0,0.0,0.0,0.0,0.2
1695954318440717855,0.5,0.0,0.0,0.0,0.0,0.2
1695954318540865712,0.5,0.0,0.0,0.0,0.0,0.2
1695954318640752584,0.5,0.0,0.0,0.0,0.0,0.2
1695954318740931744,0.5,0.0,0.0,0.0,0.0,0.2
1695954318840746562,0.5,0.0,0.0,0.0,0.0,0.2
1695954318940779231,0.5,0.0,0.0,0.0,0.0,0.2
1695954319040733184,0.5,0.0,0.0,0.0,0.0,0.2
1695954319140692562,0.5,0.0,0.0,0.0,0.0,0.2
1695954319240660855,0.5,0.0,0.0,0.0,0.0,0.2
1695954319340696268,0.5,0.0,0.0,0.0,0.0,0.2
1695954319440695089,0.5,0.0,0.0,0.0,0.0,0.2
1695954319540734488,0.5,0.0,0.0,0.0,0.0,0.2
1695954319640771254,0.5,0.0,0.0,0.0,0.0,0.2
1695954319740692356,0.5,0.0,0.0,0.0,0.0,0.2
1695954319840712486,0.5,0.0,0.0,0.0,0.0,0.2
1695954319940752695,0.5,0.0,0.0,0.0,0.0,0.2
1695954320040808299,0.5,0.0,0.0,0.0,0.0,0.2
1695954320140998664,0.5,0.0,0.0,0.0,0.0,0.2
1695954320240720948,0.5,0.0,0.0,0.0,0.0,0.2
1695954320341211554,0.5,0.0,0.0,0.0,0.0,0.2
1695954320440973055,0.5,0.0,0.0,0.0,0.0,0.2
1695954320540771965,0.5,0.0,0.0,0.0,0.0,0.2
1695954320640736435,0.5,0.0,0.0,0.0,0.0,0.2
1695954320740755945,0.5,0.0,0.0,0.0,0.0,0.2
1695954320840765678,0.5,0.0,0.0,0.0,0.0,0.2
1695954320940789135,0.5,0.0,0.0,0.0,0.0,0.2
1695954321041056542,0.5,0.0,0.0,0.0,0.0,0.2
1695954321140694433,0.5,0.0,0.0,0.0,0.0,0.2
1695954321240997187,0.5,0.0,0.0,0.0,0.0,0.2
1695954321340723881,0.5,0.0,0.0,0.0,0.0,0.2
1695954321440979888,0.5,0.0,0.0,0.0,0.0,0.2
1695954321540697317,0.5,0.0,0.0,0.0,0.0,0.2
1695954321640749575,0.5,0.0,0.0,0.0,0.0,0.2
1695954321740758007,0.5,0.0,0.0,0.0,0.0,0.2
1695954321840787786,0.5,0.0,0.0,0.0,0.0,0.2
1695954321940644238,0.5,0.0,0.0,0.0,0.0,0.2
1695954322040722949,0.5,0.0,0.0,0.0,0.0,0.2
1695954322140687453,0.5,0.0,0.0,0.0,0.0,0.2
1695954322240748069,0.5,0.0,0.0,0.0,0.0,0.2
1695954322340691575,0.5,0.0,0.0,0.0,0.0,0.2
1695954322440956637,0.5,0.0,0.0,0.0,0.0,0.2
1695954322540759364,0.5,0.0,0.0,0.0,0.0,0.2
1695954322640958791,0.5,0.0,0.0,0.0,0.0,0.2
1695954322740742664,0.5,0.0,0.0,0.0,0.0,0.2
1695954322840939741,0.5,0.0,0.0,0.0,0.0,0.2
1695954322940790938,0.5,0.0,0.0,0.0,0.0,0.2
1695954323040856550,0.5,0.0,0.0,0.0,0.0,0.2
1695954323140772000,0.5,0.0,0.0,0.0,0.0,0.2
1695954323240753607,0.5,0.0,0.0,0.0,0.0,0.2
1695954323341015967,0.5,0.0,0.0,0.0,0.0,0.2
1695954323440738408,0.5,0.0,0.0,0.0,0.0,0.2
1695954323540816201,0.5,0.0,0.0,0.0,0.0,0.2
1695954323641078196,0.5,0.0,0.0,0.0,0.0,0.2
1695954323740958467,0.5,0.0,0.0,0.0,0.0,0.2
1695954323840992195,0.5,0.0,0.0,0.0,0.0,0.2
1695954323940948630,0.5,0.0,0.0,0.0,0.0,0.2
1695954324040725123,0.5,0.0,0.0,0.0,0.0,0.2
1695954324140702792,0.5,0.0,0.0,0.0,0.0,0.2
1695954324240814267,0.5,0.0,0.0,0.0,0.0,0.2
1695954324340838984,0.5,0.0,0.0,0.0,0.0,0.2
1695954324440815134,0.5,0.0,0.0,0.0,0.0,0.2
1695954324540889828,0.5,0.0,0.0,0.0,0.0,0.2
1695954324640633247,0.5,0.0,0.0,0.0,0.0,0.2
1695954324741096590,0.5,0.0,0.0,0.0,0.0,0.2
1695954324840672837,0.5,0.0,0.0,0.0,0.0,0.2
1695954324940933106,0.5,0.0,0.0,0.0,0.0,0.2
1695954325040988963,0.5,0.0,0.0,0.0,0.0,0.2
1695954325140732108,0.5,0.0,0.0,0.0,0.0,0.2
1695954325241035434,0.5,0.0,0.0,0.0,0.0,0.2
1695954325341039450,0.5,0.0,0.0,0.0,0.0,0.2
1695954325440808708,0.5,0.0,0.0,0.0,0.0,0.2
1695954325540781539,0.5,0.0,0.0,0.0,0.0,0.2
1695954325640840382,0.5,0.0,0.0,0.0,0.0,0.2
1695954325740780606,0.5,0.0,0.0,0.0,0.0,0.2
1695954325840789759,0.5,0.0,0.0,0.0,0.0,0.2
1695954325940802770,0.5,0.0,0.0,0.0,0.0,0.2
1695954326040818116,0.5,0.0,0.0,0.0,0.0,0.2
1695954326140749735,0.5,0.0,0.0,0.0,0.0,0.2
1695954326240682525,0.5,0.0,0.0,0.0,0.0,0.2
1695954326340812047,0.5,0.0,0.0,0.0,0.0,0.2
1695954326440721104,0.5,0.0,0.0,0.0,0.0,0.2
1695954326541015731,0.5,0.0,0.0,0.0,0.0,0.2
1695954326640961945,0.5,0.0,0.0,0.0,0.0,0.2
1695954326741232235,0.5,0.0,0.0,0.0,0.0,0.2
1695954326840935643,0.5,0.0,0.0,0.0,0.0,0.2
1695954326940693855,0.5,0.0,0.0,0.0,0.0,0.2
1695954327040745219,0.5,0.0,0.0,0.0,0.0,0.2
1695954327140982921,0.5,0.0,0.0,0.0,0.0,0.2
1695954327240811937,0.5,0.0,0.0,0.0,0.0,0.2
1695954327340665764,0.5,0.0,0.0,0.0,0.0,0.2
1695954327440808447,0.5,0.0,0.0,0.0,0.0,0.2
1695954327540955560,0.5,0.0,0.0,0.0,0.0,0.2
1695954327641014636,0.5,0.0,0.0,0.0,0.0,0.2
1695954327740992441,0.5,0.0,0.0,0.0,0.0,0.2
1695954327840775541,0.5,0.0,0.0,0.0,0.0,0.2
1695954327940712581,0.5,0.0,0.0,0.0,0.0,0.2
1695954328040735541,0.5,0.0,0.0,0.0,0.0,0.2
1695954328140753968,0.5,0.0,0.0,0.0,0.0,0.2
1695954328241021194,0.5,0.0,0.0,0.0,0.0,0.2
1695954328340693019,0.5,0.0,0.0,0.0,0.0,0.2
1695954328440732843,0.5,0.0,0.0,0.0,0.0,0.2
1695954328540776556,0.5,0.0,0.0,0.0,0.0,0.2
1695954328640878276,0.5,0.0,0.0,0.0,0.0,0.2
1695954328740851833,0.5,0.0,0.0,0.0,0.0,0.2
1695954328840718076,0.5,0.0,0.0,0.0,0.0,0.2
1695954328940945040,0.5,0.0,0.0,0.0,0.0,0.2
1695954329040720617,0.5,0.0,0.0,0.0,0.0,0.2
1695954329140935917,0.5,0.0,0.0,0.0,0.0,0.2
1695954329240718814,0.5,0.0,0.0,0.0,0.0,0.2
1695954329340980134,0.5,0.0,0.0,0.0,0.0,0.2
